cod_sales,Sales
1,261.96
2,731.94
3,14.62
4,957.5775
5,22.368
6,48.86
7,7.28
8,907.152
9,18.504
10,114.9
11,1706.184
12,911.424
13,15.552
14,407.976
15,68.81
16,2.544
17,665.88
18,55.5
19,8.56
20,213.48
21,22.72
22,19.46
23,60.34
24,71.372
25,1044.63
26,11.648
27,90.57
28,3083.43
29,9.618
30,124.2
31,3.264
32,86.304
33,6.858
34,15.76
35,29.472
36,1097.544
37,190.92
38,113.328
39,532.3992
40,212.058
41,371.168
42,147.168
43,77.88
44,95.616
45,45.98
46,17.46
47,211.96
48,45.0
49,21.8
50,38.22
51,75.18
52,6.16
53,89.99
54,15.26
55,1029.95
56,208.56
57,32.4
58,319.41
59,14.56
60,30.0
61,48.48
62,1.68
63,13.98
64,25.824
65,146.73
66,79.76
67,213.115
68,1113.024
69,167.968
70,75.88
71,4.616
72,19.05
73,831.936
74,97.04
75,72.784
76,1.248
77,9.708
78,27.24
79,19.3
80,208.16
81,16.74
82,14.9
83,21.39
84,200.984
85,230.376
86,301.96
87,19.99
88,158.368
89,20.1
90,73.584
91,6.48
92,12.96
93,53.34
94,32.96
95,5.682
96,96.53
97,51.312
98,64.624
99,95.976
100,1.788
101,23.92
102,238.896
103,102.36
104,36.882
105,74.112
106,27.992
107,3.304
108,339.96
109,41.96
110,75.96
111,40.096
112,4.72
113,23.976
114,130.464
115,787.53
116,157.794
117,47.04
118,30.84
119,226.56
120,115.02
121,68.04
122,600.558
123,617.7
124,2.388
125,243.992
126,81.424
127,238.56
128,59.97
129,78.304
130,21.456
131,20.04
132,35.44
133,11.52
134,4.02
135,76.176
136,65.88
137,43.12
138,82.8
139,8.82
140,10.86
141,143.7
142,839.43
143,671.93
144,93.888
145,384.45
146,149.97
147,1951.84
148,171.55
149,157.92
150,203.184
151,58.38
152,105.52
153,80.88
154,6.63
155,457.568
156,944.93
157,5.98
158,54.384
159,28.4
160,27.68
161,9.936
162,8159.952
163,275.928
164,1740.06
165,32.064
166,177.98
167,143.976
168,20.94
169,110.96
170,340.144
171,52.448
172,20.16
173,97.264
174,396.802
175,15.88
176,3.28
177,24.816
178,408.744
179,503.96
180,149.95
181,29.0
182,7.16
183,176.8
184,37.224
185,20.016
186,899.136
187,71.76
188,51.84
189,626.352
190,19.9
191,14.28
192,7.408
193,6.048
194,46.26
195,2.946
196,16.056
197,21.744
198,218.75
199,2.6
200,66.284
201,35.168
202,444.768
203,83.92
204,131.98
205,15.92
206,52.29
207,91.99
208,20.8
209,23.68
210,452.45
211,62.982
212,1188.0
213,89.584
214,93.06
215,302.376
216,5.584
217,22.704
218,19.776
219,72.704
220,479.988
221,27.168
222,2.2
223,622.45
224,21.98
225,161.568
226,389.696
227,18.648
228,233.86
229,620.6145
230,5.328
231,258.072
232,617.976
233,10.56
234,25.92
235,419.68
236,11.688
237,31.984
238,177.225
239,4.044
240,2001.86
241,166.72
242,47.88
243,1503.25
244,321.568
245,7.61
246,3347.37
247,80.58
248,361.92
249,12.132
250,82.368
251,53.92
252,647.904
253,20.37
254,221.55
255,17.52
256,1.624
257,3059.982
258,2519.958
259,328.224
260,79.9
261,14.016
262,7.56
263,37.208
264,57.576
265,725.84
266,209.93
267,5.28
268,10.92
269,18.176
270,59.712
271,24.84
272,2.08
273,1114.4
274,1038.84
275,141.76
276,239.8
277,31.104
278,254.058
279,194.528
280,961.48
281,19.096
282,18.496
283,255.984
284,86.97
285,300.416
286,230.352
287,218.352
288,78.6
289,27.552
290,1082.48
291,56.91
292,77.6
293,219.075
294,26.8
295,9.84
296,45.48
297,289.2
298,4.89
299,15.136
300,466.768
301,15.232
302,6.264
303,87.54
304,178.384
305,99.136
306,135.882
307,3991.98
308,275.94
309,360.0
310,43.57
311,251.52
312,99.99
313,15.992
314,290.898
315,54.224
316,786.744
317,100.24
318,37.764
319,20.724
320,4.896
321,4.752
322,959.984
323,14.368
324,7.712
325,698.352
326,4.96
327,17.856
328,509.97
329,30.992
330,71.928
331,88.8
332,47.976
333,24.56
334,6.79
335,3.048
336,49.12
337,4355.168
338,388.704
339,8.26
340,17.04
341,34.4
342,36.24
343,647.84
344,20.7
345,488.646
346,5.56
347,47.12
348,23.2
349,7.36
350,104.79
351,1043.92
352,53.424
353,8.16
354,1023.936
355,9.24
356,479.04
357,1488.424
358,8.652
359,23.832
360,12.176
361,50.96
362,49.536
363,41.9
364,375.4575
365,83.976
366,482.34
367,2.96
368,2.624
369,23.36
370,39.98
371,246.384
372,1799.97
373,12.462
374,75.792
375,49.96
376,70.12
377,35.952
378,2396.2656
379,131.136
380,57.584
381,9.568
382,39.072
383,35.91
384,179.95
385,1199.976
386,27.15
387,1004.024
388,9.68
389,28.35
390,55.98
391,1336.829
392,113.568
393,139.86
394,307.136
395,95.92
396,383.8
397,5.78
398,9.32
399,15.25
400,196.752
401,56.56
402,32.7
403,866.4
404,287.92
405,69.99
406,6.672
407,189.588
408,291.96
409,4.768
410,714.3
411,4.812
412,247.8
413,1007.979
414,313.488
415,31.872
416,207.846
417,12.22
418,194.94
419,70.95
420,91.36
421,242.94
422,22.05
423,2.91
424,59.52
425,161.94
426,263.88
427,30.48
428,35.12
429,284.364
430,665.408
431,63.88
432,129.568
433,747.558
434,8.928
435,103.92
436,899.91
437,23.56
438,1272.63
439,28.485
440,185.376
441,78.272
442,254.744
443,205.3328
444,4.788
445,55.48
446,340.92
447,222.666
448,703.968
449,92.52
450,62.65
451,94.85
452,95.76
453,40.2
454,14.7
455,704.25
456,9.09
457,5.96
458,159.98
459,29.6
460,514.165
461,279.96
462,2735.952
463,7.992
464,63.984
465,70.368
466,449.15
467,11.07
468,93.98
469,189.882
470,105.42
471,119.616
472,255.76
473,241.568
474,69.3
475,22.62
476,14.952
477,801.568
478,2.376
479,32.792
480,2.74
481,8.34
482,46.74
483,6354.95
484,126.3
485,38.04
486,7.152
487,5.88
488,2999.95
489,51.45
490,11.96
491,1126.02
492,18.392
493,14.112
494,210.98
495,55.176
496,66.26
497,22.2
498,683.952
499,45.696
500,36.336
501,666.248
502,52.512
503,190.72
504,47.94
505,979.95
506,22.75
507,16.768
508,42.616
509,10.752
510,152.94
511,283.92
512,468.9
513,380.864
514,646.776
515,58.112
516,100.792
517,66.112
518,41.28
519,13.36
520,250.272
521,11.364
522,8.72
523,1121.568
524,34.504
525,10.824
526,1295.78
527,19.456
528,1335.68
529,42.6
530,84.056
531,13.0
532,13.128
533,3.96
534,2.61
535,374.376
536,91.84
537,81.088
538,19.44
539,451.152
540,72.45
541,13.96
542,33.264
543,14.85
544,160.72
545,19.92
546,7.3
547,69.712
548,8.792
549,51.52
550,470.376
551,105.584
552,31.152
553,6.783
554,406.368
555,70.98
556,294.93
557,84.784
558,20.736
559,16.821
560,10.368
561,9.344
562,31.2
563,76.12
564,445.96
565,327.76
566,11.632
567,143.982
568,494.376
569,5.84
570,142.776
571,7.218
572,43.188
573,131.904
574,3.282
575,21.168
576,55.188
577,369.576
578,15.712
579,8.448
580,728.946
581,119.94
582,3.648
583,40.48
584,9.94
585,107.424
586,37.91
587,88.02
588,8.69
589,555.21
590,523.48
591,161.82
592,35.56
593,97.16
594,15.24
595,13.23
596,243.384
597,119.8
598,300.768
599,17.88
600,235.944
601,392.94
602,18.882
603,122.328
604,1049.2
605,15.424
606,18.84
607,330.4
608,26.25
609,132.52
610,209.3
611,31.56
612,30.144
613,14.8
614,316.0
615,379.4
616,97.82
617,103.12
618,113.552
619,3.318
620,134.288
621,701.372
622,2.308
623,999.432
624,724.08
625,918.785
626,2.724
627,459.95
628,10.74
629,23.76
630,85.056
631,381.576
632,30.36
633,108.925
634,36.352
635,19.56
636,61.44
637,38.9
638,99.39
639,2.688
640,27.816
641,82.524
642,182.994
643,14.352
644,64.96
645,68.6
646,7999.98
647,167.44
648,479.97
649,191.984
650,104.01
651,284.82
652,36.84
653,166.24
654,33.4
655,198.272
656,47.36
657,97.696
658,2.696
659,18.588
660,15.072
661,209.88
662,369.912
663,166.84
664,15.216
665,119.96
666,883.92
667,46.72
668,24.448
669,281.34
670,307.98
671,299.97
672,103.056
673,59.808
674,73.32
675,146.82
676,1652.94
677,296.37
678,129.92
679,45.584
680,17.568
681,55.992
682,182.72
683,400.032
684,33.63
685,542.646
686,6.3
687,179.97
688,99.696
689,27.936
690,84.98
691,18.72
692,49.98
693,11.784
694,272.736
695,3.54
696,3.528
697,4.624
698,55.168
699,567.12
700,359.32
701,11.992
702,58.05
703,157.74
704,56.98
705,2.88
706,79.92
707,383.438
708,58.32
709,12.39
710,107.982
711,11.36
712,50.94
713,646.74
714,5.64
715,572.58
716,310.88
717,641.96
718,18.28
719,207.0
720,32.35
721,7.71
722,40.3
723,34.58
724,32.76
725,544.008
726,59.94
727,4.28
728,32.07
729,24.0
730,35.49
731,47.984
732,186.69
733,17.456
734,348.928
735,143.96
736,15.42
737,43.04
738,332.94
739,1363.96
740,9.96
741,21.72
742,132.79
743,21.56
744,22.23
745,215.968
746,355.32
747,43.176
748,1983.968
749,1298.55
750,213.92
751,25.78
752,1399.93
753,5.344
754,41.472
755,3.168
756,1228.465
757,31.086
758,335.52
759,239.97
760,9.82
761,67.8
762,167.97
763,35.0
764,37.24
765,15.28
766,180.66
767,191.98
768,65.99
769,35.216
770,23.696
771,265.475
772,51.184
773,9.664
774,21.072
775,60.45
776,186.048
777,37.44
778,26.976
779,83.72
780,287.94
781,48.896
782,115.36
783,5.16
784,38.88
785,185.88
786,44.46
787,39.96
788,102.3
789,21.36
790,23.1
791,191.472
792,5.248
793,59.184
794,2.89
795,51.94
796,15.936
797,44.91
798,1141.47
799,280.782
800,34.44
801,106.344
802,192.16
803,322.59
804,29.99
805,371.97
806,5.892
807,68.472
808,1242.9
809,13.48
810,31.4
811,13.944
812,83.76
813,37.66
814,34.68
815,4.54
816,543.92
817,155.82
818,70.008
819,15.648
820,103.6
821,46.96
822,8.904
823,10.44
824,18.336
825,323.976
826,323.136
827,90.93
828,52.776
829,1199.8
830,1928.78
831,352.38
832,46.94
833,143.73
834,99.918
835,797.944
836,8.568
837,149.352
838,12.992
839,85.14
840,21.99
841,406.6
842,841.568
843,252.0
844,46.2
845,28.84
846,14.592
847,89.856
848,13.872
849,12.192
850,45.056
851,29.718
852,447.696
853,159.99
854,134.48
855,17.12
856,6.096
857,1114.272
858,540.57
859,167.76
860,393.165
861,516.488
862,1007.232
863,2065.32
864,25.344
865,25.472
866,78.8528
867,173.8
868,29.592
869,204.6
870,6.24
871,21.88
872,4.608
873,35.97
874,191.6
875,8.64
876,501.81
877,127.104
878,30.072
879,160.93
880,1.08
881,34.02
882,599.292
883,3.392
884,559.984
885,603.92
886,7.968
887,27.968
888,336.51
889,1.112
890,520.05
891,17.97
892,1166.92
893,14.624
894,10.23
895,154.9
896,2715.93
897,617.97
898,10.67
899,36.63
900,24.1
901,33.11
902,44.02
903,2309.65
904,1090.782
905,484.65
906,115.296
907,7.08
908,4.401
909,44.75
910,95.984
911,151.72
912,155.25
913,14.03
914,1618.37
915,99.6
916,124.95
917,601.65
918,22.74
919,1267.53
920,1379.92
921,6.208
922,11.808
923,63.312
924,15.588
925,177.2
926,197.97
927,854.94
928,124.11
929,14.4
930,15.696
931,2.628
932,14.427
933,86.62
934,36.624
935,23.968
936,28.728
937,697.16
938,31.86
939,722.352
940,8.84
941,58.464
942,254.604
943,1113.504
944,168.464
945,6.72
946,282.888
947,11.16
948,108.4
949,82.344
950,9.088
951,19.936
952,65.568
953,4.416
954,107.772
955,45.216
956,10.416
957,7.872
958,118.782
959,1.448
960,55.47
961,194.848
962,1.744
963,25.176
964,6.27
965,4.368
966,40.88
967,31.44
968,6.88
969,1106.91
970,836.592
971,26.38
972,362.92
973,4899.93
974,71.976
975,3.15
976,71.984
977,120.15
978,219.184
979,28.9
980,355.96
981,348.208
982,35.784
983,447.84
984,7.04
985,8.73
986,29.29
987,2.694
988,2.934
989,22.92
990,100.704
991,2.328
992,10.78
993,58.368
994,40.968
995,71.96
996,1.192
997,46.672
998,119.833
999,119.98
1000,279.9
1001,619.95
1002,4.36
1003,699.93
1004,22.96
1005,38.6
1006,23.34
1007,1067.94
1008,10.16
1009,101.88
1010,343.92
1011,40.99
1012,63.9
1013,124.608
1014,85.224
1015,287.52
1016,37.68
1017,19.98
1018,20.58
1019,17.38
1020,686.32
1021,62.18
1022,644.076
1023,12.76
1024,10.95
1025,599.98
1026,8.352
1027,3.64
1028,159.768
1029,122.48
1030,2244.48
1031,62.31
1032,455.1
1033,195.184
1034,362.94
1035,11.54
1036,53.94
1037,9.99
1038,125.76
1039,25.32
1040,46.8
1041,447.93
1042,109.48
1043,272.94
1044,31.92
1045,22.38
1046,16.52
1047,5.176
1048,50.112
1049,27.93
1050,11.56
1051,172.5
1052,258.696
1053,1322.93
1054,3.76
1055,7.92
1056,12.096
1057,485.88
1058,197.58
1059,81.92
1060,889.536
1061,892.224
1062,223.92
1063,23.12
1064,24.672
1065,55.968
1066,431.928
1067,1088.792
1068,1.872
1069,854.352
1070,593.568
1071,338.04
1072,271.96
1073,11.21
1074,9.144
1075,14.07
1076,41.86
1077,8.544
1078,579.136
1079,141.372
1080,3.036
1081,4.503
1082,4.672
1083,95.88
1084,17.024
1085,1931.958
1086,249.75
1087,255.936
1088,113.79
1089,78.15
1090,1.728
1091,40.56
1092,182.94
1093,193.86
1094,5.68
1095,2.78
1096,79.96
1097,839.988
1098,47.952
1099,37.425
1100,63.968
1101,165.048
1102,12.35
1103,40.97
1104,22.0
1105,398.352
1106,48.69
1107,764.688
1108,3610.848
1109,254.9745
1110,38.82
1111,1141.938
1112,1704.56
1113,3.2
1114,1099.96
1115,6.696
1116,43.872
1117,27.882
1118,540.048
1119,255.68
1120,863.88
1121,17.616
1122,17.472
1123,69.9
1124,41.85
1125,6.57
1126,142.86
1127,292.272
1128,29.328
1129,12.48
1130,102.336
1131,48.792
1132,44.848
1133,388.43
1134,63.992
1135,86.352
1136,32.97
1137,83.88
1138,278.4
1139,15.12
1140,17.43
1141,251.64
1142,2.772
1143,15.48
1144,39.88
1145,20.82
1146,13.216
1147,32.94
1148,114.2
1149,3.08
1150,845.728
1151,13.904
1152,20.72
1153,114.95
1154,26.96
1155,572.76
1156,286.38
1157,61.96
1158,23.99
1159,287.97
1160,419.944
1161,46.76
1162,17.712
1163,21.78
1164,3.69
1165,122.12
1166,155.372
1167,183.84
1168,579.3
1169,14.2
1170,575.92
1171,5.184
1172,5.229
1173,285.552
1174,72.8
1175,10.816
1176,51.072
1177,11.34
1178,87.92
1179,37.05
1180,2.97
1181,27.44
1182,7.96
1183,140.736
1184,552.56
1185,25.11
1186,29.78
1187,677.58
1188,75.04
1189,695.7
1190,15.66
1191,28.854
1192,47.82
1193,13.05
1194,93.78
1195,47.18
1196,19.68
1197,53.4
1198,35.88
1199,258.279
1200,183.96
1201,17.61
1202,300.904
1203,220.776
1204,281.424
1205,79.14
1206,1.988
1207,145.568
1208,123.256
1209,309.576
1210,38.388
1211,95.994
1212,239.952
1213,201.584
1214,145.9
1215,590.058
1216,14.04
1217,49.08
1218,17.088
1219,912.75
1220,1089.75
1221,16.4
1222,399.96
1223,158.9
1224,13.184
1225,83.952
1226,80.98
1227,348.84
1228,9.45
1229,239.98
1230,167.96
1231,104.85
1232,484.83
1233,122.97
1234,154.44
1235,342.37
1236,9.552
1237,652.45
1238,66.645
1239,17.216
1240,88.4
1241,251.79
1242,205.176
1243,419.4
1244,10.304
1245,154.764
1246,116.784
1247,75.48
1248,408.006
1249,165.28
1250,334.768
1251,37.74
1252,946.344
1253,151.2
1254,4.928
1255,86.272
1256,72.588
1257,60.672
1258,77.031
1259,119.904
1260,263.96
1261,363.648
1262,9.728
1263,14.75
1264,29.8
1265,427.42
1266,220.752
1267,152.76
1268,7.27
1269,1819.86
1270,33.9
1271,2453.43
1272,29.7
1273,36.672
1274,13.76
1275,139.424
1276,1979.928
1277,164.736
1278,470.302
1279,2.502
1280,88.752
1281,2.025
1282,91.68
1283,33.75
1284,3040.0
1285,91.2
1286,452.94
1287,52.2
1288,27.46
1289,55.424
1290,244.006
1291,159.984
1292,1024.716
1293,3.68
1294,121.376
1295,255.968
1296,872.94
1297,41.54
1298,6.848
1299,8.67
1300,6.688
1301,17.28
1302,28.91
1303,52.136
1304,31.968
1305,40.46
1306,33.87
1307,3.424
1308,177.0
1309,1212.848
1310,89.97
1311,5.04
1312,62.96
1313,977.292
1314,9.64
1315,40.05
1316,10.192
1317,16.784
1318,13.12
1319,18.16
1320,223.056
1321,33.52
1322,1004.976
1323,396.0
1324,34.5
1325,8.36
1326,385.6
1327,35.82
1328,200.064
1329,21.38
1330,6.744
1331,63.686
1332,1669.6
1333,83.84
1334,13.272
1335,21.336
1336,206.112
1337,247.104
1338,4.16
1339,26.18
1340,74.352
1341,10.744
1342,8.376
1343,212.88
1344,203.983
1345,40.74
1346,11.67
1347,39.99
1348,16.28
1349,782.94
1350,242.48
1351,8.32
1352,10.464
1353,82.896
1354,34.24
1355,1573.488
1356,23.912
1357,27.056
1358,559.992
1359,9.324
1360,111.96
1361,124.75
1362,91.96
1363,79.36
1364,171.96
1365,35.352
1366,18.9
1367,11.352
1368,354.9
1369,453.576
1370,21.48
1371,8.784
1372,12.84
1373,21.84
1374,381.44
1375,40.68
1376,763.28
1377,23.952
1378,4.98
1379,170.88
1380,382.806
1381,1217.568
1382,10.65
1383,10.96
1384,33.488
1385,8.04
1386,201.568
1387,13.44
1388,359.058
1389,47.992
1390,547.3
1391,16.896
1392,155.94
1393,5.46
1394,73.2
1395,9.336
1396,290.666
1397,83.984
1398,1000.02
1399,3.75
1400,41.4
1401,29.79
1402,59.48
1403,6.69
1404,198.46
1405,786.48
1406,23.168
1407,50.0
1408,675.96
1409,1265.85
1410,523.25
1411,517.5
1412,17.92
1413,41.256
1414,1006.056
1415,10.688
1416,25.12
1417,669.08
1418,438.336
1419,12.7
1420,41.37
1421,12.624
1422,1247.64
1423,3149.93
1424,209.7
1425,35.36
1426,121.104
1427,45.894
1428,109.92
1429,169.68
1430,95.94
1431,34.79
1432,160.776
1433,13.896
1434,41.92
1435,297.576
1436,4.344
1437,94.992
1438,1018.104
1439,16.68
1440,58.58
1441,196.62
1442,21.936
1443,6.588
1444,104.28
1445,17.94
1446,64.784
1447,32.382
1448,42.368
1449,399.54
1450,18.97
1451,14.82
1452,99.28
1453,1.188
1454,7.518
1455,853.092
1456,33.45
1457,10.4
1458,13.616
1459,63.96
1460,14.46
1461,104.98
1462,106.96
1463,515.88
1464,1931.04
1465,9.702
1466,11.61
1467,43.86
1468,148.48
1469,7.42
1470,71.992
1471,1702.12
1472,14.304
1473,765.625
1474,307.666
1475,242.9
1476,454.9
1477,35.92
1478,39.76
1479,47.744
1480,434.352
1481,3.552
1482,88.832
1483,1048.35
1484,100.0
1485,7.83
1486,96.256
1487,154.24
1488,34.848
1489,17.9
1490,129.45
1491,20.88
1492,7.168
1493,11.168
1494,442.4
1495,11.232
1496,10.272
1497,206.962
1498,9.46
1499,559.62
1500,360.712
1501,1718.4
1502,41.568
1503,46.864
1504,19.536
1505,411.332
1506,28.752
1507,293.199
1508,35.06
1509,4.13
1510,109.8
1511,7.644
1512,51.465
1513,6.976
1514,12.222
1515,97.984
1516,62.4
1517,20.86
1518,497.61
1519,5.34
1520,368.91
1521,83.36
1522,6.58
1523,122.94
1524,219.84
1525,98.16
1526,33.04
1527,134.97
1528,699.98
1529,139.95
1530,48.94
1531,2807.84
1532,46.64
1533,60.416
1534,107.94
1535,63.84
1536,347.97
1537,37.008
1538,215.65
1539,53.952
1540,4.18
1541,5.607
1542,4663.736
1543,79.984
1544,2575.944
1545,45.36
1546,254.24
1547,69.93
1548,16.156
1549,54.816
1550,1441.3
1551,4.656
1552,170.136
1553,7.38
1554,9.26
1555,75.6
1556,29.32
1557,92.064
1558,62.958
1559,31.32
1560,11.84
1561,22.784
1562,1127.976
1563,779.796
1564,1439.92
1565,262.11
1566,1439.982
1567,36.288
1568,21.4
1569,1245.86
1570,17.544
1571,44.128
1572,62.92
1573,140.81
1574,40.784
1575,40.08
1576,362.352
1577,7.184
1578,34.76
1579,831.2
1580,26.4
1581,106.75
1582,141.4
1583,14.52
1584,127.92
1585,137.62
1586,100.49
1587,257.568
1588,49.632
1589,727.45
1590,24.96
1591,370.782
1592,196.45
1593,78.256
1594,99.2
1595,272.848
1596,16.224
1597,176.784
1598,393.568
1599,68.742
1600,29.34
1601,383.607
1602,563.4
1603,217.056
1604,6.0
1605,7.104
1606,121.792
1607,409.59
1608,3.38
1609,7.824
1610,24.784
1611,34.65
1612,487.984
1613,1793.98
1614,29.808
1615,505.176
1616,174.0585
1617,191.88
1618,14.78
1619,478.48
1620,909.12
1621,2.952
1622,27.018
1623,136.92
1624,18.96
1625,273.896
1626,597.132
1627,15.528
1628,11.952
1629,11.65
1630,299.9
1631,895.92
1632,462.564
1633,15.008
1634,863.64
1635,47.616
1636,92.94
1637,199.98
1638,177.48
1639,88.768
1640,46.51
1641,659.976
1642,271.992
1643,145.74
1644,15.4
1645,244.55
1646,166.16
1647,14.73
1648,19.968
1649,8.736
1650,662.88
1651,3.24
1652,95.968
1653,254.526
1654,12.98
1655,26.432
1656,1282.41
1657,4.92
1658,238.0
1659,16.2
1660,33.99
1661,296.85
1662,112.8
1663,13.71
1664,24.9
1665,286.29
1666,24.18
1667,281.97
1668,69.5
1669,166.44
1670,6.408
1671,5.104
1672,2.896
1673,35.016
1674,275.97
1675,1394.95
1676,545.88
1677,933.536
1678,42.976
1679,479.96
1680,320.88
1681,23.88
1682,26.76
1683,1439.976
1684,17.22
1685,1024.38
1686,26.22
1687,17.34
1688,4.956
1689,71.04
1690,11.304
1691,294.62
1692,8.752
1693,15.0
1694,161.61
1695,144.95
1696,199.95
1697,304.45
1698,29.68
1699,47.53
1700,183.372
1701,4.224
1702,333.056
1703,24.896
1704,46.344
1705,350.98
1706,13.08
1707,900.08
1708,33.36
1709,40.14
1710,1606.23
1711,49.53
1712,872.32
1713,239.12
1714,141.96
1715,33.024
1716,67.136
1717,104.9
1718,61.04
1719,9.392
1720,9.328
1721,269.97
1722,29.04
1723,4.536
1724,9.156
1725,75.36
1726,57.504
1727,38.864
1728,162.64
1729,597.0
1730,289.8
1731,341.488
1732,11.12
1733,17.31
1734,1586.69
1735,84.99
1736,411.8
1737,80.3
1738,15.968
1739,64.74
1740,19.296
1741,405.64
1742,146.352
1743,251.91
1744,199.96
1745,710.832
1746,1.941
1747,7.312
1748,761.544
1749,58.2
1750,39.9
1751,90.86
1752,106.232
1753,111.984
1754,18.45
1755,324.9
1756,5.76
1757,26.55
1758,310.443
1759,479.9
1760,12.88
1761,511.84
1762,279.944
1763,636.408
1764,83.168
1765,259.136
1766,221.92
1767,26.0
1768,0.876
1769,17.45
1770,1295.84
1771,46.84
1772,425.833
1773,209.67
1774,159.88
1775,2.808
1776,215.976
1777,241.96
1778,27.72
1779,104.68
1780,86.376
1781,64.944
1782,33.28
1783,38.52
1784,19.65
1785,152.991
1786,10.584
1787,94.92
1788,14.76
1789,3.656
1790,149.544
1791,17.14
1792,991.764
1793,23.988
1794,16.688
1795,422.058
1796,38.088
1797,254.352
1798,43.31
1799,84.95
1800,233.058
1801,111.79
1802,14.94
1803,14.16
1804,22.608
1805,8.808
1806,79.384
1807,314.55
1808,191.976
1809,8.288
1810,139.92
1811,15.872
1812,6.286
1813,305.312
1814,19.752
1815,9.264
1816,61.792
1817,45.68
1818,60.12
1819,41.72
1820,71.6
1821,85.232
1822,44.4
1823,442.764
1824,3999.95
1825,63.68
1826,54.896
1827,70.08
1828,121.3
1829,1454.49
1830,60.81
1831,153.552
1832,65.34
1833,123.92
1834,35.1
1835,4.704
1836,14.67
1837,5.232
1838,881.93
1839,191.82
1840,20.104
1841,67.56
1842,29.932
1843,38.272
1844,832.93
1845,43.8
1846,167.292
1847,27.42
1848,1.44
1849,61.776
1850,108.608
1851,2.816
1852,9.984
1853,14.98
1854,1145.6
1855,485.94
1856,37.376
1857,70.686
1858,72.294
1859,124.792
1860,330.588
1861,673.568
1862,52.98
1863,526.45
1864,228.92
1865,319.968
1866,205.03
1867,190.86
1868,24.32
1869,1016.792
1870,38.136
1871,494.982
1872,9.02
1873,8.62
1874,541.44
1875,43.26
1876,43.56
1877,437.85
1878,1212.96
1879,18.54
1880,5.0
1881,359.97
1882,499.98
1883,6.984
1884,47.96
1885,199.74
1886,435.26
1887,1119.984
1888,143.432
1889,122.352
1890,306.2
1891,85.98
1892,223.96
1893,97.568
1894,614.272
1895,48.16
1896,60.69
1897,35.04
1898,17.48
1899,892.98
1900,595.38
1901,4.95
1902,181.95
1903,13.52
1904,259.7
1905,42.95
1906,12.72
1907,723.92
1908,106.32
1909,27.216
1910,390.75
1911,280.792
1912,68.448
1913,88.04
1914,215.592
1915,416.32
1916,43.0
1917,60.83
1918,389.97
1919,194.32
1920,265.93
1921,94.74
1922,60.64
1923,76.3
1924,364.8
1925,79.872
1926,46.384
1927,547.136
1928,41.7
1929,277.4
1930,69.216
1931,426.79
1932,45.92
1933,10.72
1934,63.2
1935,113.97
1936,123.552
1937,490.32
1938,1.272
1939,557.585
1940,9.024
1941,69.456
1942,79.47
1943,10.08
1944,1552.831
1945,137.24
1946,36.51
1947,239.976
1948,1579.746
1949,1071.576
1950,613.908
1951,34.86
1952,155.04
1953,127.88
1954,160.32
1955,46.0
1956,120.712
1957,532.704
1958,4.912
1959,60.288
1960,2.632
1961,23.688
1962,253.372
1963,5.67
1964,76.776
1965,9.184
1966,32.75
1967,7.216
1968,49.568
1969,54.712
1970,176.04
1971,16.02
1972,185.92
1973,211.168
1974,479.984
1975,7.86
1976,1619.91
1977,113.92
1978,39.68
1979,37.6
1980,59.9
1981,37.0
1982,628.81
1983,56.45
1984,94.2
1985,956.6648
1986,1115.91
1987,128.744
1988,24.2
1989,359.976
1990,211.84
1991,7.52
1992,629.064
1993,754.45
1994,595.0
1995,2396.4
1996,63.56
1997,158.928
1998,13.023
1999,273.06
2000,39.312
2001,1.344
2002,8.272
2003,12.544
2004,58.48
2005,7.4
2006,366.786
2007,54.368
2008,33.96
2009,826.11
2010,545.85
2011,145.98
2012,35.808
2013,7.904
2014,345.0
2015,174.286
2016,662.84
2017,95.1
2018,26.88
2019,257.98
2020,492.835
2021,269.49
2022,29.12
2023,18.75
2024,119.7
2025,57.06
2026,107.44
2027,7.31
2028,59.1
2029,46.53
2030,97.84
2031,29.97
2032,98.352
2033,136.99
2034,9.11
2035,571.44
2036,16.91
2037,14.272
2038,451.136
2039,64.864
2040,217.584
2041,82.95
2042,87.71
2043,1101.48
2044,1322.352
2045,11.184
2046,153.584
2047,1003.62
2048,1137.75
2049,99.68
2050,85.52
2051,631.96
2052,90.24
2053,4548.81
2054,300.93
2055,719.96
2056,64.17
2057,124.46
2058,9.584
2059,37.608
2060,12.224
2061,2.304
2062,9.36
2063,53.72
2064,8187.65
2065,77.92
2066,32.784
2067,196.776
2068,479.94
2069,1117.92
2070,106.5
2071,45.66
2072,264.32
2073,604.656
2074,129.93
2075,29.46
2076,868.59
2077,5.5
2078,121.6
2079,42.048
2080,25.488
2081,6.9
2082,9.648
2083,17.96
2084,12.67
2085,1801.632
2086,46.32
2087,181.986
2088,431.976
2089,155.37
2090,1348.704
2091,700.152
2092,111.888
2093,143.952
2094,173.94
2095,205.92
2096,102.833
2097,1879.96
2098,313.024
2099,821.88
2100,21.96
2101,705.544
2102,51.712
2103,6.992
2104,1406.86
2105,15.75
2106,323.1
2107,9.216
2108,15.02
2109,33.82
2110,71.0
2111,2665.62
2112,478.08
2113,164.388
2114,13.248
2115,2.912
2116,1399.944
2117,16.23
2118,319.9
2119,675.12
2120,62.82
2121,489.92
2122,155.35
2123,12.42
2124,187.98
2125,6.608
2126,248.57
2127,246.168
2128,14.136
2129,601.47
2130,79.1
2131,327.84
2132,180.96
2133,914.97
2134,587.97
2135,530.34
2136,121.94
2137,122.71
2138,1349.85
2139,136.784
2140,61.12
2141,1.167
2142,16.99
2143,2.52
2144,1218.735
2145,5.904
2146,230.28
2147,18.288
2148,121.68
2149,4.17
2150,67.04
2151,37.32
2152,11199.968
2153,2399.6
2154,52.99
2155,60.864
2156,652.995
2157,11.22
2158,42.624
2159,220.96
2160,7.23
2161,19.04
2162,64.14
2163,858.24
2164,36.792
2165,18.624
2166,57.69
2167,42.81
2168,424.9575
2169,10.776
2170,164.88
2171,1292.94
2172,25.584
2173,261.74
2174,883.84
2175,1979.89
2176,8.76
2177,3.984
2178,370.62
2179,2.742
2180,79.512
2181,28.352
2182,105.96
2183,785.88
2184,26.2
2185,1325.85
2186,43.584
2187,11.088
2188,25.164
2189,89.52
2190,350.973
2191,164.99
2192,312.552
2193,95.952
2194,3.204
2195,3.98
2196,15.7
2197,5.346
2198,108.576
2199,109.9
2200,15.384
2201,30.352
2202,821.3
2203,22638.48
2204,21.376
2205,8.016
2206,30.768
2207,18.936
2208,116.28
2209,132.6
2210,227.36
2211,1919.976
2212,12.828
2213,45.888
2214,13.9
2215,129.98
2216,71.98
2217,377.97
2218,124.36
2219,58.24
2220,81.2
2221,14.45
2222,95.648
2223,350.352
2224,1.641
2225,629.958
2226,799.96
2227,107.53
2228,73.98
2229,5.58
2230,42.28
2231,89.98
2232,477.24
2233,25.98
2234,35.34
2235,257.64
2236,125.976
2237,79.992
2238,700.056
2239,8.226
2240,585.552
2241,423.28
2242,225.296
2243,323.37
2244,783.96
2245,1447.65
2246,76.92
2247,481.32
2248,48.4
2249,0.99
2250,101.84
2251,10.332
2252,31.155
2253,34.384
2254,1924.16
2255,32.192
2256,50.12
2257,54.5
2258,19.104
2259,49.44
2260,60.984
2261,195.466
2262,59.2
2263,601.536
2264,7.9
2265,58.36
2266,16.464
2267,25.96
2268,36.27
2269,1075.088
2270,438.368
2271,18.088
2272,308.499
2273,145.85
2274,7.88
2275,25.68
2276,47.516
2277,9.42
2278,704.9
2279,561.568
2280,179.82
2281,185.58
2282,214.11
2283,999.96
2284,653.55
2285,114.6
2286,60.74
2287,1088.76
2288,298.776
2289,47.584
2290,33.792
2291,300.5328
2292,108.336
2293,55.92
2294,443.92
2295,155.976
2296,15.47
2297,10.89
2298,120.33
2299,1139.92
2300,229.544
2301,143.728
2302,36.048
2303,845.488
2304,762.594
2305,56.28
2306,2690.97
2307,7.434
2308,28.16
2309,20.32
2310,40.29
2311,20.23
2312,1603.136
2313,1628.82
2314,286.93
2315,83.79
2316,14.72
2317,38.976
2318,314.352
2319,4.26
2320,811.28
2321,6.03
2322,153.568
2323,1013.488
2324,52.34
2325,4.66
2326,254.97
2327,25.44
2328,8.85
2329,6.96
2330,307.92
2331,23.85
2332,51.96
2333,69.08
2334,49.65
2335,959.968
2336,408.422
2337,12.6
2338,184.66
2339,37.464
2340,539.658
2341,310.12
2342,52.4
2343,387.136
2344,39.552
2345,135.72
2346,12.56
2347,5.952
2348,15.8
2349,70.448
2350,129.3
2351,3.882
2352,6.08
2353,70.71
2354,1633.188
2355,19.76
2356,144.784
2357,156.792
2358,35.89
2359,47.208
2360,248.08
2361,189.7
2362,90.99
2363,1526.56
2364,368.97
2365,305.01
2366,18.7
2367,38.29
2368,43.7
2369,41.6
2370,113.888
2371,671.984
2372,191.646
2373,2.313
2374,20.34
2375,39.28
2376,81.568
2377,97.184
2378,32.952
2379,30.016
2380,499.584
2381,28.272
2382,10.8
2383,188.552
2384,22.58
2385,545.94
2386,43.296
2387,123.136
2388,11.264
2389,275.49
2390,19.36
2391,1267.65
2392,12.99
2393,18.56
2394,31.248
2395,55.36
2396,206.991
2397,44.416
2398,9.006
2399,19.0
2400,33.376
2401,207.48
2402,904.9
2403,34.272
2404,243.88
2405,12.03
2406,2549.985
2407,21.594
2408,8.964
2409,344.22
2410,727.296
2411,666.4
2412,66.69
2413,327.7328
2414,52.272
2415,504.9
2416,403.168
2417,25.99
2418,195.136
2419,53.7
2420,36.26
2421,56.3
2422,29.16
2423,171.288
2424,16.72
2425,22.18
2426,2054.272
2427,1022.97
2428,227.84
2429,37.94
2430,517.9
2431,2799.96
2432,8.96
2433,31.5
2434,30.56
2435,24.368
2436,119.976
2437,83.97
2438,104.97
2439,90.8
2440,214.95
2441,288.24
2442,663.936
2443,2934.33
2444,124.41
2445,57.75
2446,114.46
2447,120.666
2448,342.864
2449,981.372
2450,31.84
2451,58.34
2452,539.97
2453,3.928
2454,252.784
2455,127.984
2456,61.0
2457,447.86
2458,479.95
2459,31.68
2460,12.032
2461,5.768
2462,33.12
2463,220.2656
2464,242.352
2465,695.16
2466,220.98
2467,12.957
2468,298.464
2469,21.93
2470,7.64
2471,265.17
2472,837.6
2473,135.9
2474,43.1
2475,1123.92
2476,249.584
2477,48.672
2478,60.768
2479,3.768
2480,1036.624
2481,563.808
2482,258.528
2483,395.0
2484,627.168
2485,13.28
2486,12.672
2487,77.952
2488,67.992
2489,44.784
2490,22.848
2491,206.43
2492,210.392
2493,10.608
2494,347.802
2495,963.136
2496,88.776
2497,31.05
2498,2025.36
2499,1799.994
2500,101.988
2501,262.864
2502,735.98
2503,93.024
2504,67.64
2505,5.18
2506,15.56
2507,78.35
2508,239.984
2509,19.35
2510,67.0
2511,390.272
2512,62.192
2513,528.43
2514,13.392
2515,181.86
2516,180.588
2517,18.76
2518,58.68
2519,254.9
2520,826.62
2521,1633.14
2522,544.38
2523,26.046
2524,20.928
2525,6.37
2526,3.366
2527,18.704
2528,149.232
2529,10.99
2530,62.24
2531,53.2
2532,39.84
2533,349.95
2534,377.928
2535,11.228
2536,207.24
2537,1.504
2538,931.176
2539,430.88
2540,51.12
2541,90.0
2542,9.408
2543,318.4
2544,12.768
2545,15.36
2546,375.34
2547,32.544
2548,181.797
2549,44.94
2550,45.576
2551,318.43
2552,122.92
2553,7.068
2554,13.468
2555,219.8
2556,317.058
2557,18.24
2558,24.85
2559,60.312
2560,7.056
2561,27.184
2562,107.984
2563,79.974
2564,3.136
2565,99.98
2566,733.95
2567,241.44
2568,281.904
2569,201.432
2570,135.98
2571,44.95
2572,6.54
2573,203.92
2574,3359.952
2575,27.78
2576,28.99
2577,4164.05
2578,63.924
2579,6.56
2580,13.11
2581,29.2
2582,248.85
2583,11.68
2584,11.91
2585,3.48
2586,30.96
2587,1704.89
2588,19.194
2589,50.997
2590,76.792
2591,539.964
2592,1.944
2593,12.984
2594,328.776
2595,2.286
2596,232.4
2597,86.45
2598,81.98
2599,271.764
2600,14.376
2601,341.96
2602,181.35
2603,43.512
2604,68.94
2605,128.82
2606,896.99
2607,1.234
2608,262.336
2609,241.176
2610,227.976
2611,52.68
2612,2.032
2613,431.968
2614,568.728
2615,117.144
2616,203.52
2617,51.75
2618,244.615
2619,81.54
2620,50.8
2621,16.03
2622,435.999
2623,359.98
2624,70.56
2625,3.81
2626,73.008
2627,3.208
2628,26.176
2629,30.44
2630,35.28
2631,37.88
2632,66.048
2633,1287.45
2634,160.96
2635,28.44
2636,364.41
2637,361.764
2638,111.672
2639,13.776
2640,24.048
2641,384.174
2642,1799.75
2643,580.672
2644,222.384
2645,50.454
2646,1091.168
2647,219.168
2648,6.928
2649,40.032
2650,169.99
2651,36.99
2652,629.1
2653,193.95
2654,22.288
2655,65.424
2656,281.372
2657,7.488
2658,22.336
2659,65.79
2660,271.984
2661,11.76
2662,77.52
2663,48.64
2664,1.81
2665,262.24
2666,131.6
2667,558.4
2668,1408.1
2669,32.896
2670,215.148
2671,128.9
2672,14.976
2673,15.08
2674,24.288
2675,16.192
2676,251.006
2677,54.192
2678,4.304
2679,108.92
2680,2504.74
2681,29.9
2682,70.88
2683,27.264
2684,56.65
2685,14.97
2686,471.92
2687,58.72
2688,16.496
2689,22.512
2690,3.444
2691,538.194
2692,492.768
2693,286.79
2694,5.08
2695,361.96
2696,278.82
2697,133.38
2698,10.848
2699,18.544
2700,180.98
2701,34.95
2702,152.0
2703,1421.664
2704,579.95
2705,1202.94
2706,36.192
2707,147.184
2708,382.116
2709,435.504
2710,72.0
2711,655.9
2712,513.024
2713,487.92
2714,209.97
2715,62.94
2716,95.736
2717,193.0656
2718,418.8
2719,509.488
2720,825.174
2721,17.76
2722,6.912
2723,66.3
2724,30.816
2725,569.536
2726,796.425
2727,12.832
2728,404.94
2729,116.0
2730,657.552
2731,599.97
2732,38.97
2733,45.84
2734,38.24
2735,87.168
2736,54.9
2737,287.968
2738,10.75
2739,11.62
2740,83.25
2741,20.65
2742,5.352
2743,99.372
2744,2.672
2745,28.672
2746,29.312
2747,105.98
2748,33.94
2749,45.528
2750,844.116
2751,812.736
2752,7.476
2753,604.752
2754,10.128
2755,21.792
2756,439.8
2757,8.256
2758,25.56
2759,1577.94
2760,59.98
2761,2395.2
2762,1687.8
2763,104.8
2764,14.496
2765,4.784
2766,4.73
2767,7.89
2768,65.5
2769,2430.08
2770,3.9
2771,801.96
2772,191.96
2773,1169.694
2774,1665.62
2775,1443.96
2776,2.92
2777,465.18
2778,22.428
2779,37.52
2780,64.704
2781,135.516
2782,12.448
2783,657.93
2784,25.16
2785,91.92
2786,139.44
2787,27.096
2788,177.568
2789,58.416
2790,16.448
2791,36.784
2792,718.116
2793,31.776
2794,9.555
2795,217.85
2796,40.776
2797,63.936
2798,142.4
2799,681.408
2800,3.52
2801,36.32
2802,2060.744
2803,213.136
2804,69.52
2805,763.44
2806,41.958
2807,89.568
2808,22.248
2809,334.88
2810,148.288
2811,178.92
2812,69.888
2813,47.3
2814,155.12
2815,15.52
2816,55.104
2817,104.88
2818,34.7
2819,33.72
2820,638.73
2821,9.096
2822,8.688
2823,30.88
2824,33.8
2825,258.9
2826,27.888
2827,6.456
2828,13.88
2829,8.872
2830,127.372
2831,464.97
2832,181.96
2833,84.09
2834,153.36
2835,43.68
2836,98.21
2837,43.92
2838,59.994
2839,439.992
2840,87.96
2841,15.488
2842,232.96
2843,66.54
2844,79.4
2845,163.96
2846,37.93
2847,15.168
2848,24.78
2849,19.14
2850,899.97
2851,6.368
2852,34.176
2853,5.544
2854,510.24
2855,204.95
2856,162.6
2857,23.55
2858,249.95
2859,18.92
2860,35.712
2861,551.985
2862,360.38
2863,636.86
2864,499.99
2865,1259.93
2866,65.08
2867,71.97
2868,32.54
2869,10.9
2870,61.929
2871,11.85
2872,118.25
2873,321.92
2874,879.984
2875,42.784
2876,563.43
2877,111.104
2878,16.9
2879,24.4
2880,87.6
2881,8.52
2882,1013.832
2883,1.984
2884,2003.52
2885,62.91
2886,383.976
2887,335.944
2888,273.96
2889,269.982
2890,720.064
2891,41.424
2892,3.132
2893,1085.42
2894,3.912
2895,62.376
2896,29.05
2897,4.419
2898,16.032
2899,57.23
2900,333.0
2901,36.44
2902,523.764
2903,1359.96
2904,102.592
2905,35.008
2906,39.152
2907,5.238
2908,4.662
2909,523.92
2910,146.136
2911,25.06
2912,19.824
2913,823.96
2914,15.984
2915,1056.86
2916,12.816
2917,18.98
2918,991.2
2919,1458.65
2920,26.64
2921,476.8
2922,87.444
2923,76.14
2924,19.96
2925,1049.97
2926,611.058
2927,2.368
2928,19.008
2929,911.984
2930,674.352
2931,134.01
2932,170.97
2933,170.352
2934,6.28
2935,480.74
2936,616.998
2937,691.96
2938,85.96
2939,85.3
2940,33.568
2941,3.564
2942,447.944
2943,480.96
2944,40.176
2945,10.896
2946,10.64
2947,151.96
2948,155.34
2949,148.32
2950,240.784
2951,191.968
2952,11.8
2953,842.352
2954,23.472
2955,86.058
2956,108.784
2957,38.19
2958,52.096
2959,364.704
2960,40.256
2961,12.128
2962,134.85
2963,356.94
2964,659.9
2965,1684.752
2966,559.92
2967,9.98
2968,48.9
2969,270.34
2970,98.112
2971,10.428
2972,41.988
2973,7.584
2974,352.45
2975,801.6
2976,16.096
2977,7.656
2978,311.976
2979,61.68
2980,26.72
2981,30.28
2982,57.93
2983,241.332
2984,145.544
2985,5.472
2986,9.4
2987,74.0
2988,197.372
2989,1424.9
2990,835.17
2991,44.384
2992,2.944
2993,48.848
2994,19.648
2995,255.108
2996,17.248
2997,5.47
2998,22.14
2999,11.277
3000,4.448
3001,44.76
3002,38.28
3003,44.67
3004,40.635
3005,5.728
3006,42.24
3007,53.82
3008,414.0
3009,41.328
3010,39.92
3011,8.94
3012,53.316
3013,56.52
3014,22.77
3015,257.499
3016,2591.56
3017,41.95
3018,79.12
3019,52.96
3020,286.344
3021,63.552
3022,41.376
3023,172.704
3024,512.94
3025,860.93
3026,769.95
3027,373.08
3028,231.92
3029,63.47
3030,637.896
3031,287.91
3032,36.6
3033,1.78
3034,101.94
3035,474.43
3036,39.296
3037,542.94
3038,193.8
3039,97.88
3040,25.86
3041,170.058
3042,82.782
3043,853.93
3044,556.665
3045,95.84
3046,29.664
3047,12.864
3048,232.88
3049,236.88
3050,18.693
3051,383.952
3052,21.12
3053,767.952
3054,274.77
3055,204.85
3056,23.992
3057,599.9
3058,276.69
3059,172.764
3060,409.272
3061,55.44
3062,67.176
3063,646.2
3064,72.744
3065,572.16
3066,68.112
3067,25.032
3068,39.992
3069,3.104
3070,47.808
3071,978.84
3072,13.14
3073,10.024
3074,156.3728
3075,999.98
3076,821.94
3077,220.064
3078,339.136
3079,60.048
3080,5.022
3081,7.857
3082,302.384
3083,20.952
3084,638.82
3085,221.024
3086,3080.0
3087,404.9
3088,9449.95
3089,12.94
3090,2.264
3091,0.444
3092,146.176
3093,159.96
3094,4.312
3095,27.414
3096,160.98
3097,8.856
3098,158.376
3099,1219.96
3100,454.86
3101,91.392
3102,37.59
3103,26.032
3104,91.032
3105,54.66
3106,67.344
3107,2624.985
3108,73.28
3109,14.48
3110,112.12
3111,1575.14
3112,6.924
3113,37.392
3114,57.42
3115,12.74
3116,120.784
3117,9.762
3118,13.72
3119,55.2
3120,29.24
3121,26.064
3122,671.94
3123,169.064
3124,168.624
3125,433.568
3126,629.95
3127,46.35
3128,4.24
3129,319.96
3130,344.91
3131,81.94
3132,6.874
3133,1.996
3134,10499.97
3135,696.42
3136,304.776
3137,51.98
3138,24.7
3139,394.816
3140,18.192
3141,799.984
3142,49.25
3143,34.08
3144,17.67
3145,1604.9
3146,385.686
3147,128.4
3148,62.28
3149,482.664
3150,4799.984
3151,385.8
3152,102.96
3153,174.42
3154,1.964
3155,94.428
3156,61.584
3157,22.48
3158,332.028
3159,11.394
3160,6.316
3161,20.808
3162,11.416
3163,19.83
3164,20.232
3165,27.81
3166,1.64
3167,20.9
3168,88.08
3169,751.92
3170,887.103
3171,55.944
3172,11.824
3173,96.784
3174,10.476
3175,196.784
3176,47.98
3177,80.48
3178,11.673
3179,863.128
3180,12.588
3181,871.4
3182,692.472
3183,207.76
3184,3.592
3185,48.632
3186,9099.93
3187,25.3
3188,69.264
3189,1103.97
3190,246.1328
3191,11.696
3192,14.088
3193,896.328
3194,189.0
3195,53.982
3196,129.39
3197,54.32
3198,4367.896
3199,161.376
3200,2.784
3201,59.752
3202,63.92
3203,383.96
3204,7.752
3205,666.344
3206,573.728
3207,447.968
3208,16.78
3209,20.96
3210,304.23
3211,167.86
3212,82.38
3213,33.29
3214,323.982
3215,9.21
3216,18.0
3217,42.93
3218,50.88
3219,27.312
3220,107.97
3221,113.82
3222,657.504
3223,99.54
3224,631.782
3225,60.72
3226,415.872
3227,27.12
3228,1598.058
3229,36.96
3230,77.72
3231,520.464
3232,131.94
3233,704.76
3234,7.41
3235,21.5
3236,10.528
3237,20.544
3238,159.75
3239,103.968
3240,303.25
3241,270.72
3242,1487.04
3243,71.88
3244,253.176
3245,384.944
3246,913.43
3247,183.968
3248,1259.97
3249,68.97
3250,59.96
3251,25.984
3252,27.36
3253,361.376
3254,172.186
3255,69.008
3256,199.9
3257,901.95
3258,971.5
3259,11.328
3260,21.24
3261,34.8
3262,9.08
3263,4.91
3264,59.7
3265,387.99
3266,30.4
3267,478.24
3268,190.848
3269,5.484
3270,40.92
3271,17.24
3272,302.94
3273,34.75
3274,113.94
3275,27.18
3276,1805.88
3277,20.0
3278,7.98
3279,8.75
3280,842.94
3281,2.182
3282,27.384
3283,26.406
3284,109.95
3285,965.85
3286,169.45
3287,25.4
3288,43.96
3289,1279.165
3290,27.92
3291,1332.496
3292,32.776
3293,209.792
3294,16.38
3295,128.058
3296,21.248
3297,333.09
3298,248.98
3299,43.32
3300,9.296
3301,16.27
3302,69.12
3303,4.47
3304,418.296
3305,659.988
3306,8.128
3307,909.72
3308,917.9235
3309,631.176
3310,21.312
3311,173.656
3312,62.85
3313,818.376
3314,37.3
3315,81.96
3316,54.792
3317,10.784
3318,290.98
3319,48.664
3320,16.56
3321,1347.52
3322,9.432
3323,89.34
3324,269.98
3325,99.9
3326,39.08
3327,116.832
3328,2.296
3329,40.44
3330,15.84
3331,493.92
3332,5.936
3333,325.86
3334,537.544
3335,1.928
3336,7.76
3337,659.168
3338,351.216
3339,56.82
3340,8.559
3341,127.869
3342,271.44
3343,110.352
3344,36.4
3345,419.136
3346,28.782
3347,127.96
3348,33.48
3349,26.86
3350,113.1
3351,65.78
3352,239.7
3353,25.632
3354,23.616
3355,76.58
3356,8.8
3357,590.352
3358,25.02
3359,452.55
3360,902.712
3361,53.97
3362,33.92
3363,21.81
3364,91.6
3365,150.98
3366,137.25
3367,18.272
3368,153.728
3369,167.944
3370,45.99
3371,535.41
3372,31.36
3373,23.48
3374,62.79
3375,134.376
3376,589.9
3377,2879.952
3378,90.48
3379,77.55
3380,8.832
3381,177.536
3382,258.48
3383,24.88
3384,140.75
3385,123.96
3386,586.398
3387,1599.92
3388,11.09
3389,145.764
3390,13.62
3391,434.646
3392,440.19
3393,64.4
3394,195.76
3395,166.45
3396,45.248
3397,59.904
3398,18.2
3399,76.752
3400,3.0
3401,7.506
3402,69.98
3403,11.06
3404,623.4648
3405,772.68
3406,283.14
3407,635.96
3408,118.99
3409,33.088
3410,62.048
3411,29.61
3412,863.928
3413,241.92
3414,163.88
3415,3.486
3416,440.91
3417,5.715
3418,51.968
3419,29.52
3420,142.36
3421,546.66
3422,212.13
3423,74.416
3424,7.996
3425,8.712
3426,65.17
3427,173.24
3428,130.71
3429,0.852
3430,56.568
3431,344.704
3432,521.96
3433,8.22
3434,947.17
3435,268.935
3436,7.58
3437,9.888
3438,671.544
3439,275.952
3440,123.144
3441,15.576
3442,212.64
3443,9.87
3444,53.25
3445,658.746
3446,29.84
3447,67.98
3448,61.06
3449,35.544
3450,221.16
3451,18.69
3452,25.35
3453,209.568
3454,1.908
3455,43.372
3456,7.856
3457,13.712
3458,27.76
3459,113.52
3460,359.88
3461,742.336
3462,6.464
3463,25.71
3464,100.94
3465,63.882
3466,683.144
3467,1.476
3468,40.712
3469,69.576
3470,58.08
3471,52.416
3472,54.92
3473,364.95
3474,27.696
3475,43.13
3476,57.582
3477,30.192
3478,43.6
3479,10.38
3480,39.594
3481,91.008
3482,42.8
3483,62.808
3484,195.64
3485,239.9
3486,380.058
3487,48.576
3488,18.264
3489,34.656
3490,81.552
3491,227.136
3492,10.36
3493,463.248
3494,44.856
3495,30.345
3496,127.554
3497,245.88
3498,3.798
3499,27.744
3500,27.58
3501,5.553
3502,243.92
3503,14.96
3504,10.512
3505,71.632
3506,975.92
3507,303.84
3508,12.54
3509,464.85
3510,758.352
3511,20.368
3512,49.848
3513,2404.704
3514,563.024
3515,89.988
3516,1.824
3517,18.32
3518,48.816
3519,61.568
3520,6.192
3521,2.214
3522,5.32
3523,2249.91
3524,59.92
3525,171.2
3526,3.36
3527,182.67
3528,101.7
3529,1263.3
3530,4.2
3531,227.28
3532,47.9
3533,26.352
3534,91.59
3535,674.058
3536,269.9
3537,9.588
3538,5.97
3539,2.508
3540,35.96
3541,67.144
3542,231.98
3543,96.08
3544,3.62
3545,14.88
3546,91.275
3547,897.15
3548,12.536
3549,4.512
3550,16.776
3551,33.74
3552,333.999
3553,1268.82
3554,117.488
3555,69.48
3556,85.9
3557,18.06
3558,37.4
3559,2.512
3560,18.864
3561,61.192
3562,67.84
3563,48.712
3564,7.764
3565,467.04
3566,128.85
3567,8.4
3568,110.98
3569,207.984
3570,36.112
3571,35.568
3572,12.9
3573,717.12
3574,773.94
3575,20.568
3576,4.356
3577,5.22
3578,84.84
3579,7.24
3580,1325.76
3581,3.108
3582,689.408
3583,1889.99
3584,55.936
3585,18.432
3586,52.064
3587,48.784
3588,13.092
3589,109.592
3590,56.7
3591,79.99
3592,47.79
3593,2321.9
3594,9.522
3595,791.964
3596,4.923
3597,209.979
3598,33.93
3599,222.32
3600,210.564
3601,1502.376
3602,10.11
3603,772.47
3604,20.46
3605,347.58
3606,72.64
3607,461.97
3608,302.67
3609,8.57
3610,212.94
3611,26.49
3612,687.4
3613,239.96
3614,199.836
3615,716.0
3616,221.06
3617,67.71
3618,467.46
3619,61.4
3620,720.76
3621,8.134
3622,398.4
3623,1352.3976
3624,41.88
3625,99.846
3626,584.82
3627,43.98
3628,391.98
3629,1781.682
3630,549.99
3631,167.535
3632,38.34
3633,53.88
3634,299.98
3635,62.8
3636,744.1
3637,44.84
3638,401.59
3639,359.499
3640,10.48
3641,5.792
3642,466.158
3643,10.312
3644,2.556
3645,3.024
3646,4.6
3647,19.152
3648,186.304
3649,66.36
3650,67.92
3651,186.912
3652,10.048
3653,17.496
3654,35.48
3655,629.93
3656,79.056
3657,232.55
3658,464.292
3659,68.46
3660,601.3
3661,44.82
3662,101.12
3663,107.976
3664,58.73
3665,93.344
3666,17.05
3667,8.096
3668,51.55
3669,119.9
3670,1317.492
3671,86.26
3672,139.04
3673,842.376
3674,1214.85
3675,67.78
3676,6.6
3677,1001.584
3678,569.058
3679,14.224
3680,68.72
3681,1367.84
3682,563.94
3683,3504.9
3684,144.12
3685,3.408
3686,2.072
3687,328.3992
3688,53.248
3689,4.992
3690,258.576
3691,75.84
3692,45.78
3693,38.71
3694,748.752
3695,1516.2
3696,167.952
3697,45.04
3698,23.16
3699,397.6
3700,158.13
3701,3930.072
3702,104.23
3703,70.26
3704,1.24
3705,35.4
3706,498.26
3707,706.86
3708,43.19
3709,36.56
3710,186.144
3711,353.568
3712,30.93
3713,27.496
3714,605.34
3715,210.008
3716,54.96
3717,164.22
3718,39.872
3719,13.68
3720,136.464
3721,333.576
3722,20.768
3723,43.5
3724,12.576
3725,182.91
3726,107.648
3727,35.2
3728,200.795
3729,46.688
3730,21.864
3731,167.94
3732,3.89
3733,52.44
3734,32.36
3735,399.672
3736,3.744
3737,715.2
3738,159.8
3739,340.116
3740,89.991
3741,17.904
3742,966.7
3743,182.112
3744,4.464
3745,51.588
3746,50.4
3747,14.89
3748,4.08
3749,2275.5
3750,1979.7
3751,62.1
3752,37.296
3753,68.95
3754,191.058
3755,13.04
3756,1525.188
3757,28.048
3758,187.056
3759,9.656
3760,2314.116
3761,34.236
3762,15.96
3763,25.08
3764,6.68
3765,63.94
3766,60.6
3767,10.68
3768,307.776
3769,12.24
3770,899.95
3771,1.632
3772,267.96
3773,31.95
3774,32.34
3775,143.856
3776,329.584
3777,87.28
3778,279.456
3779,8.0
3780,16.36
3781,15.78
3782,151.192
3783,15.58
3784,306.9
3785,347.361
3786,348.488
3787,172.736
3788,15.54
3789,105.552
3790,15.808
3791,358.2
3792,545.916
3793,40.41
3794,167.976
3795,109.53
3796,22.5
3797,213.08
3798,1025.88
3799,39.0
3800,2.907
3801,79.98
3802,22.424
3803,42.76
3804,101.34
3805,224.75
3806,73.176
3807,39.984
3808,150.384
3809,1649.95
3810,111.9
3811,599.165
3812,4.064
3813,6.216
3814,8.896
3815,1640.7
3816,270.0
3817,19.52
3818,9.81
3819,213.216
3820,588.784
3821,2.064
3822,62.296
3823,10.71
3824,20.936
3825,33.0
3826,357.93
3827,57.4
3828,331.96
3829,86.2
3830,38.016
3831,8.384
3832,19.6
3833,13.344
3834,1478.272
3835,16.272
3836,56.064
3837,108.72
3838,181.47
3839,16.176
3840,102.018
3841,750.68
3842,84.55
3843,1.869
3844,103.192
3845,36.0
3846,664.146
3847,3.312
3848,20.136
3849,859.2
3850,56.704
3851,22.776
3852,1319.96
3853,54.768
3854,21.552
3855,80.28
3856,9.78
3857,2479.96
3858,179.94
3859,26.85
3860,1.592
3861,22.344
3862,455.97
3863,5.214
3864,67.4
3865,126.56
3866,139.93
3867,16.656
3868,67.9932
3869,34.54
3870,64.12
3871,209.986
3872,29.76
3873,89.768
3874,34.36
3875,98.376
3876,29.94
3877,36.738
3878,383.64
3879,47.52
3880,83.56
3881,546.06
3882,34.05
3883,245.98
3884,18.94
3885,59.913
3886,68.62
3887,55.984
3888,142.488
3889,98.392
3890,11.05
3891,7.78
3892,53.04
3893,843.9
3894,1496.16
3895,117.96
3896,21.3
3897,1040.8
3898,499.95
3899,3.04
3900,201.96
3901,68.64
3902,2348.82
3903,273.552
3904,815.292
3905,234.45
3906,1256.22
3907,152.8
3908,82.56
3909,284.97
3910,60.84
3911,28.8
3912,74.45
3913,192.22
3914,57.9
3915,1194.165
3916,2.94
3917,45.24
3918,18.688
3919,112.776
3920,377.45
3921,28.68
3922,21.44
3923,511.056
3924,18.656
3925,66.688
3926,99.488
3927,53.984
3928,355.36
3929,140.376
3930,57.408
3931,27.6
3932,20.44
3933,6.38
3934,1049.93
3935,14.32
3936,129.888
3937,48.944
3938,275.058
3939,134.99
3940,71.088
3941,27.396
3942,13.456
3943,40.752
3944,139.96
3945,136.53
3946,11.64
3947,79.44
3948,127.764
3949,2799.944
3950,5.94
3951,177.55
3952,57.96
3953,29.403
3954,81.4
3955,91.176
3956,159.968
3957,331.536
3958,178.11
3959,459.92
3960,27.52
3961,30.69
3962,13.92
3963,38.376
3964,26.48
3965,532.72
3966,795.48
3967,74.95
3968,355.455
3969,3.16
3970,1999.96
3971,46.152
3972,32.985
3973,6.384
3974,1448.82
3975,353.88
3976,60.144
3977,85.2
3978,14.91
3979,1158.12
3980,599.99
3981,638.288
3982,13.208
3983,112.648
3984,2.21
3985,217.764
3986,22.638
3987,95.144
3988,12.32
3989,1395.54
3990,117.36
3991,421.372
3992,575.968
3993,205.9992
3994,31.744
3995,132.224
3996,1487.976
3997,11.672
3998,12.912
3999,93.15
4000,238.62
4001,7.77
4002,285.48
4003,19.168
4004,26.136
4005,90.801
4006,181.764
4007,581.96
4008,29.98
4009,519.96
4010,363.92
4011,64.2
4012,72.6
4013,57.568
4014,83.7
4015,415.968
4016,304.9
4017,80.96
4018,777.21
4019,225.568
4020,715.64
4021,795.51
4022,74.76
4023,29.22
4024,23.04
4025,1.362
4026,239.666
4027,4.56
4028,1133.35
4029,104.58
4030,1293.488
4031,127.95
4032,59.76
4033,108.08
4034,9.54
4035,11.736
4036,885.528
4037,28.28
4038,4912.59
4039,38.432
4040,21.568
4041,81.576
4042,99.87
4043,71.12
4044,259.96
4045,24.192
4046,16.95
4047,24.704
4048,104.184
4049,25.5
4050,199.764
4051,94.6
4052,4228.704
4053,2003.92
4054,313.176
4055,1099.5
4056,1215.92
4057,8.92
4058,87.21
4059,683.988
4060,527.92
4061,95.992
4062,435.84
4063,48.84
4064,25.9
4065,42.68
4066,234.36
4067,10.5
4068,676.55
4069,770.352
4070,575.928
4071,107.88
4072,8.704
4073,43.02
4074,414.96
4075,387.72
4076,13.56
4077,552.0
4078,429.9
4079,32.06
4080,161.96
4081,19.86
4082,77.56
4083,245.94
4084,8.6
4085,2357.488
4086,369.544
4087,184.752
4088,458.43
4089,328.59
4090,338.352
4091,12.294
4092,109.764
4093,68.52
4094,74.94
4095,2548.56
4096,287.88
4097,4158.912
4098,646.272
4099,18.48
4100,239.24
4101,19.568
4102,310.392
4103,506.28
4104,238.152
4105,692.94
4106,16.146
4107,1345.485
4108,173.488
4109,272.4
4110,28.0
4111,12.201
4112,2.068
4113,142.04
4114,1199.96
4115,23.904
4116,88.96
4117,518.272
4118,6.98
4119,343.2
4120,152.688
4121,3.488
4122,5.888
4123,270.62
4124,72.48
4125,151.056
4126,24.032
4127,2.088
4128,4.488
4129,272.646
4130,212.8
4131,45.4
4132,80.991
4133,2888.127
4134,1299.66
4135,2254.41
4136,314.532
4137,13.632
4138,19.432
4139,65.44
4140,1474.802
4141,110.096
4142,16.752
4143,1537.074
4144,449.372
4145,41.904
4146,2279.96
4147,409.216
4148,327.996
4149,49.408
4150,767.214
4151,161.28
4152,192.8
4153,73.164
4154,205.666
4155,115.44
4156,274.8
4157,119.04
4158,20.07
4159,40.736
4160,340.704
4161,1198.33
4162,51.336
4163,332.704
4164,42.408
4165,167.28
4166,26.16
4167,33.57
4168,170.24
4169,117.456
4170,34.248
4171,26.7
4172,21.2
4173,838.38
4174,1690.04
4175,121.96
4176,113.73
4177,14.6
4178,887.84
4179,403.92
4180,106.8
4181,34.944
4182,383.84
4183,799.56
4184,6.33
4185,329.988
4186,71.376
4187,63.77
4188,50.97
4189,1439.968
4190,563.92
4191,235.152
4192,51.016
4193,25.248
4194,56.686
4195,51.168
4196,2793.528
4197,65.94
4198,68.16
4199,125.7
4200,12.264
4201,66.294
4202,291.168
4203,110.376
4204,30.32
4205,71.28
4206,1471.96
4207,26.336
4208,166.5
4209,11.744
4210,247.44
4211,43.41
4212,465.16
4213,2.394
4214,200.97
4215,9.856
4216,384.592
4217,442.372
4218,28.85
4219,311.98
4220,22.45
4221,1159.056
4222,179.9
4223,116.312
4224,428.4
4225,24.75
4226,20.784
4227,63.824
4228,141.552
4229,563.24
4230,661.176
4231,502.488
4232,196.704
4233,915.136
4234,701.96
4235,33.552
4236,1737.18
4237,36.36
4238,25.83
4239,24.588
4240,13.984
4241,195.96
4242,17.584
4243,104.784
4244,650.352
4245,629.184
4246,15.176
4247,579.51
4248,14.99
4249,151.92
4250,65.97
4251,210.84
4252,247.716
4253,66.58
4254,87.8
4255,221.382
4256,5199.96
4257,156.512
4258,119.85
4259,69.28
4260,24.55
4261,2.412
4262,8.39
4263,337.98
4264,150.8
4265,1039.992
4266,41.22
4267,240.37
4268,119.02
4269,133.12
4270,38.08
4271,561.584
4272,99.92
4273,286.15
4274,49.792
4275,299.975
4276,62.592
4277,4.276
4278,229.94
4279,311.15
4280,396.92
4281,17.15
4282,824.95
4283,24.64
4284,227.88
4285,8.01
4286,569.568
4287,149.73
4288,899.43
4289,76.864
4290,102.93
4291,5.984
4292,111.93
4293,454.272
4294,8399.976
4295,6.294
4296,122.382
4297,945.036
4298,14.301
4299,410.352
4300,23.52
4301,477.15
4302,974.988
4303,589.41
4304,82.26
4305,103.5
4306,2.464
4307,10.76
4308,6.7
4309,3.44
4310,135.99
4311,37.2
4312,84.96
4313,2079.4
4314,72.42
4315,114.52
4316,871.8
4317,4.554
4318,5.2
4319,205.992
4320,24.472
4321,110.4
4322,384.768
4323,78.66
4324,962.08
4325,12.843
4326,295.456
4327,103.936
4328,289.568
4329,39.72
4330,244.768
4331,135.09
4332,279.86
4333,90.06
4334,50.232
4335,19.242
4336,5.304
4337,19.136
4338,332.832
4339,50.352
4340,206.384
4341,529.9
4342,99.3
4343,108.96
4344,5443.96
4345,56.07
4346,216.4
4347,6.936
4348,4.428
4349,142.8
4350,399.95
4351,2152.776
4352,4007.84
4353,158.99
4354,291.1
4355,73.68
4356,58.17
4357,634.116
4358,155.88
4359,327.564
4360,505.32
4361,3.808
4362,8.682
4363,24.424
4364,1522.638
4365,419.9
4366,33.62
4367,16.14
4368,194.25
4369,7.12
4370,319.92
4371,1049.44
4372,1007.944
4373,231.72
4374,9.912
4375,19.8
4376,125.93
4377,1.365
4378,62.016
4379,239.84
4380,484.704
4381,371.976
4382,89.82
4383,469.95
4384,209.94
4385,102.438
4386,199.304
4387,6999.96
4388,1747.25
4389,54.48
4390,199.99
4391,68.541
4392,6.99
4393,125.88
4394,79.78
4395,133.2
4396,139.944
4397,133.472
4398,564.195
4399,319.984
4400,21.184
4401,213.43
4402,31.992
4403,68.704
4404,386.91
4405,39.66
4406,356.85
4407,251.58
4408,42.85
4409,17.0
4410,87.4
4411,265.86
4412,67.96
4413,83.9
4414,19.75
4415,393.54
4416,46.872
4417,3.6
4418,180.016
4419,41.552
4420,12.16
4421,477.51
4422,47.97
4423,415.176
4424,35.232
4425,16.34
4426,163.136
4427,5.43
4428,519.68
4429,273.92
4430,266.352
4431,56.328
4432,39.264
4433,95.232
4434,159.92
4435,23.32
4436,10.47
4437,20.704
4438,50.496
4439,6.129
4440,643.136
4441,32.432
4442,113.76
4443,150.66
4444,48.032
4445,102.624
4446,359.772
4447,122.136
4448,479.952
4449,116.98
4450,8.74
4451,275.24
4452,47.4
4453,512.96
4454,395.94
4455,253.764
4456,1362.9
4457,196.21
4458,13.005
4459,4.176
4460,17.64
4461,93.456
4462,449.91
4463,344.94
4464,20.096
4465,37.752
4466,138.588
4467,259.92
4468,21.488
4469,35.445
4470,45.12
4471,100.8
4472,47.968
4473,3.856
4474,12.585
4475,113.372
4476,18.312
4477,127.936
4478,241.17
4479,3266.376
4480,168.1
4481,98.46
4482,358.58
4483,32.48
4484,17499.95
4485,34.37
4486,146.04
4487,27.88
4488,152.65
4489,371.2
4490,14.832
4491,67.9
4492,1059.12
4493,32.04
4494,1565.88
4495,106.05
4496,62.04
4497,494.97
4498,367.96
4499,44.96
4500,28.14
4501,274.89
4502,2887.056
4503,131.376
4504,1913.4
4505,2567.84
4506,37.056
4507,259.896
4508,73.344
4509,95.68
4510,411.98
4511,34.48
4512,10.782
4513,602.651
4514,559.93
4515,2399.96
4516,16.0
4517,5.588
4518,235.92
4519,115.96
4520,186.54
4521,159.56
4522,132.16
4523,124.032
4524,1403.92
4525,356.79
4526,16.98
4527,491.55
4528,23.66
4529,93.68
4530,862.344
4531,13.494
4532,41.584
4533,84.272
4534,36.544
4535,479.72
4536,102.368
4537,713.88
4538,623.96
4539,2.48
4540,58.408
4541,53.568
4542,21.34
4543,15.51
4544,7.8
4545,10.2
4546,22.32
4547,75.98
4548,6.46
4549,824.97
4550,18.18
4551,621.76
4552,48.87
4553,5.92
4554,30.18
4555,8.78
4556,376.74
4557,1.392
4558,44.43
4559,226.2
4560,27.9
4561,31.08
4562,13.84
4563,175.872
4564,208.44
4565,25.76
4566,366.744
4567,289.24
4568,205.164
4569,598.458
4570,148.257
4571,146.76
4572,6.8
4573,143.64
4574,227.46
4575,46.24
4576,245.646
4577,55.008
4578,523.392
4579,198.744
4580,9.248
4581,99.592
4582,14.576
4583,209.6
4584,30.98
4585,122.688
4586,892.136
4587,50.22
4588,83.42
4589,5.872
4590,12.144
4591,27.792
4592,32.67
4593,1261.33
4594,82.656
4595,175.92
4596,22.911
4597,309.456
4598,472.518
4599,1012.68
4600,1626.192
4601,8.595
4602,190.896
4603,163.44
4604,146.688
4605,276.784
4606,318.96
4607,421.1
4608,760.116
4609,38.784
4610,459.88
4611,9.28
4612,1685.88
4613,67.194
4614,10.02
4615,13.89
4616,16.45
4617,123.088
4618,257.94
4619,828.6
4620,17.44
4621,62.88
4622,290.352
4623,135.3
4624,111.15
4625,776.85
4626,43.28
4627,52.56
4628,971.88
4629,182.55
4630,53.088
4631,275.88
4632,157.9
4633,15.6
4634,247.84
4635,717.72
4636,236.5
4637,32.232
4638,2.202
4639,9.396
4640,12.78
4641,40.0
4642,23.24
4643,908.82
4644,5.552
4645,74.592
4646,203.976
4647,5.388
4648,30.976
4649,1350.12
4650,19.54
4651,138.0
4652,116.76
4653,331.023
4654,756.8
4655,369.16
4656,51.648
4657,62.496
4658,274.491
4659,137.94
4660,151.62
4661,30.8
4662,1319.8
4663,89.712
4664,22.83
4665,113.6
4666,341.991
4667,92.88
4668,24.14
4669,4416.174
4670,49.56
4671,302.45
4672,44.672
4673,989.97
4674,364.74
4675,49.76
4676,125.99
4677,13.428
4678,315.776
4679,273.666
4680,20.608
4681,4.095
4682,63.98
4683,799.92
4684,35.984
4685,185.528
4686,2541.98
4687,599.985
4688,46.36
4689,559.71
4690,50.784
4691,26.01
4692,649.0
4693,59.99
4694,20.24
4695,37.84
4696,77.24
4697,292.1
4698,424.116
4699,2.892
4700,381.72
4701,890.841
4702,14.13
4703,64.75
4704,11.214
4705,286.4
4706,142.182
4707,19.608
4708,4.158
4709,400.8
4710,28.792
4711,111.0
4712,1279.968
4713,1856.19
4714,22.752
4715,61.542
4716,81.438
4717,67.36
4718,54.528
4719,449.568
4720,192.186
4721,67.88
4722,162.89
4723,721.875
4724,73.568
4725,13.584
4726,176.772
4727,21.9
4728,445.44
4729,116.4
4730,1.408
4731,169.568
4732,251.964
4733,194.352
4734,340.182
4735,6.888
4736,15.57
4737,153.78
4738,61.02
4739,110.11
4740,36.024
4741,54.336
4742,378.0
4743,1336.44
4744,390.368
4745,101.52
4746,866.646
4747,795.408
4748,35.856
4749,23.84
4750,30.87
4751,509.9575
4752,122.91
4753,167.84
4754,172.11
4755,13.592
4756,386.68
4757,379.96
4758,539.91
4759,41.24
4760,51.897
4761,126.08
4762,449.1
4763,195.104
4764,85.246
4765,32.712
4766,11.43
4767,9.345
4768,23.136
4769,46.9
4770,236.528
4771,237.096
4772,65.584
4773,88.92
4774,5.8
4775,1415.76
4776,569.64
4777,9.14
4778,1196.86
4779,523.26
4780,639.968
4781,52.76
4782,538.92
4783,87.84
4784,34.92
4785,3.576
4786,1499.95
4787,13.568
4788,2573.82
4789,609.98
4790,5.48
4791,755.96
4792,31.12
4793,18.464
4794,445.802
4795,1053.164
4796,106.68
4797,512.19
4798,1.556
4799,71.92
4800,140.97
4801,164.792
4802,1889.946
4803,239.456
4804,29.36
4805,214.9
4806,146.45
4807,15.14
4808,1399.98
4809,8.952
4810,21.728
4811,483.136
4812,114.288
4813,49.616
4814,508.704
4815,57.36
4816,906.68
4817,719.952
4818,755.944
4819,11.98
4820,0.898
4821,21.204
4822,34.74
4823,833.94
4824,349.965
4825,158.28
4826,497.94
4827,533.94
4828,170.786
4829,435.168
4830,48.58
4831,26.46
4832,194.7
4833,591.32
4834,2.84
4835,221.96
4836,236.0
4837,41.94
4838,52.792
4839,2625.12
4840,422.856
4841,3499.93
4842,58.248
4843,71.246
4844,887.271
4845,146.86
4846,225.576
4847,38.256
4848,40.24
4849,29.925
4850,148.704
4851,1297.368
4852,5.81
4853,6.642
4854,679.96
4855,189.576
4856,539.92
4857,725.344
4858,7.44
4859,39.48
4860,850.5
4861,75.33
4862,325.632
4863,23.344
4864,335.72
4865,251.944
4866,127.302
4867,1207.84
4868,12.53
4869,300.98
4870,258.75
4871,441.96
4872,703.71
4873,11.976
4874,1299.99
4875,4.544
4876,1352.032
4877,1548.99
4878,19.872
4879,119.448
4880,118.16
4881,187.76
4882,53.9
4883,76.728
4884,10.43
4885,5399.91
4886,119.1
4887,259.98
4888,170.98
4889,446.068
4890,605.88
4891,186.732
4892,3812.97
4893,26.424
4894,625.99
4895,1568.61
4896,17.3
4897,160.0
4898,167.888
4899,1199.98
4900,73.85
4901,526.582
4902,13.698
4903,250.26
4904,1.938
4905,13.168
4906,179.886
4907,286.256
4908,24.224
4909,291.136
4910,114.848
4911,89.95
4912,94.99
4913,566.97
4914,450.04
4915,34.6
4916,467.97
4917,33.02
4918,3.008
4919,268.24
4920,431.16
4921,154.95
4922,42.208
4923,2.224
4924,74.52
4925,1779.9
4926,219.9
4927,1039.728
4928,45.96
4929,456.588
4930,4499.985
4931,59.976
4932,6.12
4933,10.98
4934,29.56
4935,876.3
4936,7.896
4937,30.528
4938,4.842
4939,1.8
4940,307.168
4941,26.9
4942,47.01
4943,469.99
4944,324.744
4945,12.0
4946,25.424
4947,30.828
4948,4.77
4949,550.431
4950,1497.666
4951,113.22
4952,4535.976
4953,592.74
4954,90.882
4955,508.768
4956,479.92
4957,1184.72
4958,124.404
4959,1871.88
4960,20.388
4961,320.64
4962,52.0
4963,464.0
4964,235.95
4965,18.528
4966,441.92
4967,13.38
4968,11.176
4969,242.176
4970,337.176
4971,10.32
4972,47.32
4973,23.376
4974,19.89
4975,399.98
4976,343.85
4977,82.4
4978,272.048
4979,1614.582
4980,1.584
4981,423.648
4982,76.64
4983,268.704
4984,21.92
4985,48.72
4986,30.344
4987,25.696
4988,3404.5
4989,344.372
4990,30.384
4991,38.62
4992,174.3
4993,569.99
4994,298.116
4995,2518.29
4996,221.056
4997,134.8
4998,39.582
4999,44.688
5000,40.98
5001,362.25
5002,129.552
5003,861.76
5004,66.96
5005,72.9
5006,206.352
5007,81.36
5008,389.056
5009,519.792
5010,31.176
5011,3.762
5012,659.97
5013,25.2
5014,1.98
5015,39.936
5016,9.612
5017,199.75
5018,1673.184
5019,12.18
5020,57.68
5021,299.94
5022,271.9
5023,93.36
5024,541.24
5025,1323.9
5026,126.624
5027,125.944
5028,663.92
5029,120.0
5030,3.29
5031,1.044
5032,210.68
5033,78.8
5034,106.08
5035,23.076
5036,0.984
5037,75.384
5038,41.91
5039,33.18
5040,295.056
5041,393.25
5042,2.655
5043,892.35
5044,728.82
5045,41.36
5046,116.82
5047,454.56
5048,141.42
5049,310.744
5050,12.736
5051,6.47
5052,13.748
5053,15.224
5054,165.98
5055,75.0
5056,134.272
5057,146.544
5058,203.88
5059,718.64
5060,61.1
5061,28.08
5062,10.496
5063,77.58
5064,269.36
5065,234.95
5066,3357.6
5067,2973.32
5068,775.728
5069,89.0664
5070,175.44
5071,215.544
5072,55.584
5073,127.386
5074,248.43
5075,20.64
5076,148.02
5077,526.344
5078,31.504
5079,30.672
5080,1079.976
5081,670.752
5082,72.78
5083,562.2925
5084,284.08
5085,557.728
5086,471.9
5087,13999.96
5088,239.372
5089,227.96
5090,293.52
5091,96.96
5092,512.499
5093,2036.86
5094,264.18
5095,128.34
5096,474.95
5097,277.5
5098,1252.704
5099,110.97
5100,1.892
5101,170.072
5102,335.744
5103,67.15
5104,549.98
5105,11.82
5106,4643.8
5107,577.764
5108,191.5155
5109,1369.764
5110,294.368
5111,314.088
5112,6.336
5113,2.469
5114,82.64
5115,31.02
5116,1266.86
5117,3.328
5118,933.262
5119,2803.92
5120,43.936
5121,23.744
5122,357.0
5123,806.336
5124,85.44
5125,70.97
5126,743.988
5127,11.212
5128,4.712
5129,299.99
5130,242.624
5131,174.95
5132,8.02
5133,171.04
5134,35.448
5135,69.375
5136,2003.168
5137,2563.056
5138,43.056
5139,432.456
5140,675.06
5141,65.232
5142,600.53
5143,637.44
5144,51.756
5145,211.248
5146,18.368
5147,111.98
5148,486.368
5149,37.17
5150,137.352
5151,376.509
5152,62.72
5153,2939.93
5154,512.358
5155,1.752
5156,20.992
5157,15.624
5158,2.864
5159,94.192
5160,51.8
5161,299.52
5162,7.7
5163,498.0
5164,436.704
5165,73.36
5166,218.376
5167,9.48
5168,209.5
5169,24.3
5170,32.448
5171,26.388
5172,373.47
5173,87.08
5174,217.44
5175,5.432
5176,372.144
5177,751.984
5178,604.768
5179,20.56
5180,4.984
5181,29.74
5182,87.36
5183,56.16
5184,64.384
5185,223.888
5186,241.5
5187,16.24
5188,17.184
5189,366.009
5190,310.688
5191,7.68
5192,164.646
5193,22.68
5194,141.9
5195,110.528
5196,630.024
5197,27.86
5198,933.408
5199,165.6
5200,147.92
5201,286.85
5202,2154.9
5203,10.944
5204,62.352
5205,303.92
5206,274.2
5207,8.552
5208,136.96
5209,84.416
5210,431.94
5211,2.043
5212,68.238
5213,240.744
5214,43.44
5215,2.22
5216,1679.96
5217,1554.936
5218,106.869
5219,12.384
5220,7.5
5221,370.14
5222,2678.94
5223,45.408
5224,9.952
5225,37.896
5226,1035.8
5227,35.98
5228,199.8
5229,11.94
5230,8749.95
5231,60.736
5232,479.976
5233,18.62
5234,27.96
5235,175.23
5236,23.0
5237,73.784
5238,35.76
5239,30.336
5240,182.22
5241,54.992
5242,55.86
5243,44.376
5244,51.264
5245,5.193
5246,241.424
5247,496.86
5248,56.4
5249,422.625
5250,14.432
5251,719.976
5252,239.92
5253,150.408
5254,131.88
5255,1454.9
5256,220.704
5257,968.744
5258,222.352
5259,998.85
5260,14.336
5261,607.52
5262,31.16
5263,11.664
5264,499.168
5265,11.88
5266,4.32
5267,40.54
5268,475.944
5269,30.08
5270,23.18
5271,56.96
5272,14.256
5273,39.624
5274,65.12
5275,39.808
5276,481.176
5277,177.45
5278,130.98
5279,826.0
5280,139.58
5281,760.98
5282,67.86
5283,39.879
5284,97.424
5285,5.7
5286,14.19
5287,144.96
5288,118.0
5289,22.66
5290,0.836
5291,21.968
5292,619.152
5293,127.904
5294,49.5
5295,182.352
5296,28.032
5297,7.692
5298,517.405
5299,8.608
5300,2104.55
5301,40.7
5302,21.21
5303,96.36
5304,247.188
5305,450.0
5306,31.168
5307,120.96
5308,2239.936
5309,76.608
5310,115.136
5311,4.71
5312,79.968
5313,305.9745
5314,71.952
5315,379.372
5316,67.536
5317,1.524
5318,37.408
5319,4.728
5320,53.352
5321,131.104
5322,52.59
5323,8.1
5324,83.988
5325,11.032
5326,210.58
5327,3050.376
5328,133.98
5329,93.248
5330,4.86
5331,6.258
5332,5.4
5333,1270.99
5334,125.36
5335,1.696
5336,288.0
5337,146.952
5338,83.136
5339,942.784
5340,3.536
5341,287.976
5342,29.304
5343,55.328
5344,1227.9984
5345,20.416
5346,1128.39
5347,271.968
5348,77.728
5349,46.62
5350,22.55
5351,583.8
5352,1294.75
5353,221.98
5354,34.77
5355,102.72
5356,33.282
5357,118.65
5358,207.144
5359,44.1
5360,4.086
5361,386.34
5362,33.44
5363,89.9
5364,7.236
5365,4.824
5366,130.112
5367,74.24
5368,159.84
5369,55.6
5370,5083.96
5371,111.04
5372,493.43
5373,686.4
5374,70.68
5375,101.994
5376,58.924
5377,480.0
5378,192.72
5379,6.528
5380,2.862
5381,20.856
5382,276.28
5383,629.64
5384,449.97
5385,1927.59
5386,121.78
5387,2676.672
5388,489.23
5389,312.03
5390,191.079
5391,30.53
5392,75.06
5393,66.976
5394,143.928
5395,856.656
5396,177.68
5397,11.568
5398,4.572
5399,626.1
5400,211.372
5401,99.95
5402,1119.888
5403,135.984
5404,92.96
5405,7.632
5406,179.991
5407,239.358
5408,12.3
5409,13.97
5410,934.956
5411,23.128
5412,59.24
5413,155.456
5414,21.0
5415,299.96
5416,470.155
5417,39.128
5418,19.728
5419,151.188
5420,47.496
5421,344.981
5422,127.785
5423,6.104
5424,1.72
5425,2.334
5426,159.04
5427,95.97
5428,104.75
5429,1875.258
5430,152.24
5431,35.184
5432,274.064
5433,5.95
5434,239.94
5435,37.76
5436,5.82
5437,3.816
5438,135.8
5439,19.4
5440,13.488
5441,166.92
5442,98.328
5443,117.882
5444,20.97
5445,314.6
5446,283.56
5447,487.96
5448,2.992
5449,108.768
5450,9892.74
5451,73.915
5452,337.088
5453,189.95
5454,29.95
5455,66.03
5456,28.784
5457,2621.322
5458,364.776
5459,1115.17
5460,89.696
5461,36.48
5462,322.192
5463,23.08
5464,279.95
5465,828.84
5466,27.2
5467,318.08
5468,93.032
5469,454.965
5470,295.4
5471,348.56
5472,482.94
5473,403.68
5474,791.88
5475,23.64
5476,177.648
5477,32.368
5478,315.2
5479,15.18
5480,429.6
5481,21.696
5482,78.759
5483,8.28
5484,50.136
5485,88.074
5486,301.47
5487,125.13
5488,555.96
5489,51.984
5490,1123.128
5491,64.9
5492,1564.29
5493,138.56
5494,65.52
5495,19.312
5496,101.96
5497,259.74
5498,255.42
5499,4.338
5500,405.86
5501,680.01
5502,143.128
5503,4476.8
5504,319.76
5505,31.96
5506,1112.94
5507,23.65
5508,707.88
5509,31.128
5510,55.76
5511,207.184
5512,1473.1
5513,663.072
5514,99.588
5515,29.372
5516,102.24
5517,1432.0
5518,41.04
5519,256.784
5520,120.98
5521,315.98
5522,39.816
5523,16.06
5524,20.664
5525,13.762
5526,1504.52
5527,7.536
5528,4.144
5529,52.752
5530,381.36
5531,15.192
5532,946.764
5533,94.68
5534,23.67
5535,147.568
5536,56.784
5537,6.576
5538,115.84
5539,60.89
5540,51.9
5541,269.91
5542,64.848
5543,102.582
5544,32.088
5545,4305.552
5546,255.85
5547,184.704
5548,47.92
5549,8.001
5550,398.972
5551,72.224
5552,457.485
5553,1079.316
5554,48.91
5555,0.556
5556,97.968
5557,63.488
5558,418.32
5559,123.858
5560,769.184
5561,47.904
5562,163.764
5563,183.92
5564,11.376
5565,211.04
5566,594.816
5567,72.96
5568,455.712
5569,45.28
5570,195.68
5571,20.064
5572,117.576
5573,57.594
5574,842.72
5575,11.424
5576,313.722
5577,428.68
5578,30.576
5579,13.02
5580,68.48
5581,1676.88
5582,272.97
5583,61.38
5584,31.8
5585,32.56
5586,7.072
5587,424.272
5588,120.576
5589,12.28
5590,2.04
5591,582.336
5592,1349.91
5593,4.272
5594,209.148
5595,1591.02
5596,574.91
5597,1071.0
5598,12.07
5599,3.273
5600,104.696
5601,6.816
5602,21.984
5603,3785.292
5604,103.481
5605,252.8
5606,285.576
5607,22.24
5608,48.36
5609,16.256
5610,477.3
5611,136.26
5612,186.15
5613,81.792
5614,47.19
5615,91.475
5616,27.192
5617,12.06
5618,144.6
5619,321.552
5620,164.688
5621,128.124
5622,101.4
5623,51.56
5624,13.16
5625,3.828
5626,304.99
5627,781.864
5628,673.344
5629,572.8
5630,197.05
5631,2022.272
5632,9.12
5633,38.16
5634,1592.85
5635,4.41
5636,26.94
5637,32.13
5638,1091.93
5639,689.82
5640,204.6664
5641,1649.75
5642,91.056
5643,54.208
5644,26.982
5645,81.08
5646,93.02
5647,32.592
5648,172.752
5649,55.616
5650,427.644
5651,40.67
5652,477.666
5653,35.52
5654,6.23
5655,369.1992
5656,4.626
5657,453.6
5658,13.848
5659,577.584
5660,68.432
5661,5.312
5662,224.937
5663,1125.488
5664,12.645
5665,4.032
5666,6.732
5667,105.686
5668,104.93
5669,1079.85
5670,400.784
5671,31.008
5672,121.536
5673,302.72
5674,35.208
5675,239.5
5676,34.2
5677,376.866
5678,197.72
5679,70.72
5680,21.6
5681,282.84
5682,22.98
5683,102.13
5684,2033.584
5685,899.982
5686,16.704
5687,3.152
5688,21.392
5689,307.314
5690,409.9992
5691,3.438
5692,179.7
5693,90.64
5694,79.45
5695,137.54
5696,730.2
5697,4297.644
5698,204.9
5699,481.568
5700,89.544
5701,3406.664
5702,4.938
5703,97.44
5704,579.528
5705,3023.928
5706,477.6
5707,64.68
5708,1499.97
5709,26.632
5710,64.02
5711,6.84
5712,668.16
5713,201.04
5714,16.59
5715,11.646
5716,613.9992
5717,470.36
5718,73.536
5719,849.95
5720,11.01
5721,242.136
5722,273.568
5723,13.194
5724,1080.096
5725,37.312
5726,326.646
5727,296.712
5728,286.86
5729,807.75
5730,500.24
5731,20.12
5732,70.464
5733,140.67
5734,4404.9
5735,268.576
5736,364.08
5737,10.984
5738,2.496
5739,206.1
5740,4.3
5741,139.8
5742,50.04
5743,339.92
5744,42.384
5745,135.95
5746,2177.584
5747,431.136
5748,8.88
5749,4.836
5750,48.81
5751,149.9
5752,1023.332
5753,211.246
5754,4.832
5755,235.188
5756,26.376
5757,10.384
